[fiducial0]
x=-11.1403
y=34.2765
z=-0.45946
[fiducial1]
x=33.0629
y=10.2816
z=0.76576
[fiducial2]
x=-50.647
y=-11.4255
z=0.15315
[fiducial3]
x=28.7245
y=-33.1326
z=-0.45946
[geometry]
count=4
id=103