<?xml version="1.0" encoding="utf-8"?>
<opencv_storage>
   <T type_id="opencv-matrix">
      <rows>4</rows>
      <cols>4</cols>
      <dt>f</dt>
      <data>-0.992893701410712 0.119000428249641 0.000997885433647126 0.000249049265188829 -0.118877143443156 -0.991407316555877 -0.0545871545903559 0.00657724507405258 -0.00550658385317942 -0.0543178677405327 0.998508511119655 -0.555286746774854 0 0 0 1</data>
   </T>
</opencv_storage>